-32.9468002319 -60.6393013
41.0135993958 28.9549999237
33.2541999817 -96.6863021851
39.2951011658 -85.2107009888
44.7667007446 8.86670017242
-33.0222015381 -60.6222000122
-33.4500007629 -70.6667022705
-34.4832992554 -58.7167015076
34.0 9.0
41.0135993958 28.9549999237
34.0 9.0
41.0164985657 28.9785003662
41.9000015259 12.483300209
38.5572013855 -91.2604980469
34.0 9.0
37.5984992981 126.978302002
-25.4167003632 -49.25
40.8133010864 -89.4086990356
-31.6294994354 -60.7010002136
44.4333000183 26.1000003815
-34.1768989563 -58.9207992554
46.5199012756 6.64249992371
34.0 9.0
-15.5832996368 -56.0833015442
-29.6833000183 -51.1333007812
-17.3833007812 -66.1500015259
32.7379989624 -96.4462966919
37.9832992554 23.7332992554
21.0333003998 105.849998474
45.1500015259 26.8332996368
40.8133010864 -89.4086990356
6.84800004959 79.9264984131
38.8380012512 -0.517199993134
-34.5457000732 -58.5467987061
-34.6032981873 -58.3815994263
-31.8500003815 -61.5833015442
-33.0302009583 -60.640499115
31.2155990601 29.9552993774
38.7322006226 35.4852981567
39.2951011658 -85.2107009888
-33.1166992188 -62.3166999817
-31.2667007446 -61.4832992554
-34.4832992554 -58.7167015076
-18.9167003632 -48.2999992371
36.7372016907 -82.8075027466
41.0186004639 28.9647006989
-23.547700882 -46.635799408
8.99359989166 -79.5196990967
37.9832992554 23.7332992554
8.96669960022 -79.5333023071
37.5984992981 126.978302002
34.0 9.0
47.2116012573 8.36540031433
49.5937004089 34.5406990051
38.6119995117 27.4265003204
-22.8999996185 -43.2332992554
8.88029956818 -79.7833023071
34.0 9.0
41.0135993958 28.9549999237
-33.1274986267 -62.0945014954
39.2951011658 -85.2107009888
41.0023002625 28.8598003387
34.0 9.0
32.7379989624 -96.4462966919
41.0186004639 28.9647006989
34.0 9.0
-34.6032981873 -58.3816986084
37.2181015015 28.3665008545
-33.7832984924 -60.038898468
-19.0431003571 -65.2592010498
47.5564002991 7.58890008926
43.6425018311 -79.3871994019
34.0 9.0
-8.05000019073 -34.9000015259
8.99359989166 -79.5196990967
34.0 9.0
-33.5499992371 -62.8833007812
33.5453987122 -105.57219696
-16.5 -68.1500015259
41.0135993958 28.9549999237
31.2155990601 29.9552993774
8.96669960022 -79.5333023071
8.96669960022 -79.5333023071
32.2975997925 -99.3057022095
34.0 9.0
-34.6032981873 -58.3815994263
51.5 -0.129999995232
39.2951011658 -85.2107009888
-27.5832996368 -48.5666999817
-33.0222015381 -60.6222000122
40.8987007141 29.5645999908
-30.0333003998 -51.2000007629
41.0186004639 28.9647006989
31.8999996185 35.2000007629
50.2667007446 19.0167007446
41.0186004639 28.9647006989
21.0333003998 105.849998474
-19.0431003571 -65.2592010498
34.0 9.0
9.0 -80.0
37.5699996948 126.980003357
44.0499992371 28.6000003815
54.3608016968 18.6583003998
47.5601997375 -122.228103638
41.1427001953 16.4064998627
8.99359989166 -79.5196990967
-30.0333003998 -51.2000007629
32.5685997009 -96.2676010132
8.99359989166 -79.5196990967
36.0480995178 -85.0197982788
41.0186004639 28.9647006989
34.9659996033 -81.0807037354
42.9667015076 12.0832996368
41.0135993958 28.9549999237
-23.2999992371 -51.1500015259
41.1711997986 -92.2826004028
41.0135993958 28.9549999237
21.0333003998 105.849998474
-32.9468002319 -60.6393013
34.0 9.0
45.6333007812 25.5832996368
8.99359989166 -79.5196990967
41.0186004639 28.9647006989
36.8340988159 10.040599823
8.99359989166 -79.5196990967
51.1138000488 -0.733500003815
-24.9500007629 -53.4667015076
47.0 8.0
-33.0222015381 -60.6222000122
41.0186004639 28.9647006989
-15.7833003998 -47.9166984558
-30.0333003998 -51.2000007629
38.3880996704 -82.2257995605
39.2951011658 -85.2107009888
46.3499984741 25.7999992371
34.0 9.0
40.351398468 -75.9306030273
21.0333003998 105.849998474
47.0 8.0
33.8633995056 -78.9753036499
47.0 8.0
9.0 -80.0
8.99359989166 -79.5196990967
47.0 8.0
33.4230003357 -93.869102478
46.8875999451 8.64120006561
8.99359989166 -79.5196990967
8.99359989166 -79.5196990967
37.9832992554 23.7332992554
40.2028007507 29.0312004089
-22.8999996185 -43.2332992554
-33.7832984924 -60.038898468
38.4127006531 27.1383991241
41.8499984741 -87.6500015259
41.0186004639 28.9647006989
-32.9667015076 -62.0167007446
-22.4333000183 -45.4500007629
33.1498985291 -96.8554992676
41.0135993958 28.9549999237
41.0186004639 28.9647006989
-34.5167007446 -58.5
34.0 9.0
42.8333015442 12.8332996368
47.1666984558 27.6000003815
47.0 8.0
-32.8833007812 -62.6666984558
-23.2999992371 -51.1500015259
-34.6534004211 -58.6198005676
-26.8474998474 -65.2829971313
-34.4094009399 -58.709400177
8.99359989166 -79.5196990967
41.0186004639 28.9647006989
32.2700996399 72.8765029907
8.99359989166 -79.5196990967
-33.0222015381 -60.6222000122
-25.4167003632 -49.25
-34.6032981873 -58.3815994263
-33.0222015381 -60.6222000122
9.0 -80.0
8.99359989166 -79.5196990967
8.96669960022 -79.5333023071
-30.3598003387 -61.9179000854
39.9117012024 32.8403015137
36.9081001282 30.6956005096
36.9081001282 30.6956005096
41.2867012024 36.3300018311
44.1833000183 28.6499996185
21.0333003998 105.849998474
45.7000007629 9.41670036316
-18.9167003632 -48.2999992371
8.99359989166 -79.5196990967
8.99359989166 -79.5196990967
36.7531013489 10.2188997269
34.0 9.0
37.9832992554 23.7332992554
-33.7832984924 -60.038898468
41.0186004639 28.9647006989
38.8490982056 -92.9448013306
36.3786010742 -80.6299972534
42.5 27.4666996002
47.7667007446 13.1999998093
55.5999984741 13.0
50.3166999817 18.7833003998
42.6833000183 23.3166999817
63.5581016541 53.6888999939
47.0055999756 28.8575000763
42.6833000183 23.3166999817
49.2000007629 16.6333007812
57.8333015442 28.3332996368
13.766699791 100.449996948
42.6833000183 23.3166999817
51.7146987915 94.4533996582
53.2006988525 45.0046005249
55.8843994141 -3.33979988098
55.7522010803 37.6156005859
36.0985984802 120.371902466
42.685798645 26.3292007446
55.7522010803 37.6156005859
56.8499984741 53.2332992554
42.6833000183 23.3166999817
32.0666999817 34.7667007446
55.3333015442 86.0832977295
47.5026016235 42.2350006104
55.8843994141 -3.33979988098
32.8156013489 34.989200592
43.2167015076 27.9167003632
42.6833000183 23.3166999817
47.0055999756 28.8575000763
42.1333007812 25.8500003815
42.6833000183 23.3166999817
42.6833000183 23.3166999817
36.0985984802 120.371902466
59.4832992554 18.2999992371
42.6833000183 23.3166999817
55.8843994141 -3.33979988098
43.2167015076 27.9167003632
42.1500015259 24.75
59.8944015503 30.2642002106
42.2167015076 24.6333007812
55.3333015442 86.0832977295
42.6166992188 25.3999996185
42.685798645 26.3292007446
47.0055999756 28.8575000763
42.2000007629 24.3332996368
54.7065010071 20.5109996796
42.2167015076 24.6333007812
42.6833000183 23.3166999817
47.0055999756 28.8575000763
43.4166984558 24.6166992188
43.2167015076 27.9167003632
47.0055999756 28.8575000763
43.2167015076 27.9167003632
55.3333015442 86.0832977295
43.2167015076 27.9167003632
42.5 27.4666996002
47.0055999756 28.8575000763
55.8224983215 37.3180999756
32.7036018372 35.2956008911
47.0055999756 28.8575000763
59.4333000183 18.0499992371
42.432800293 25.6418991089
-4.05000019073 39.6666984558
59.9166984558 10.75
42.6833000183 23.3166999817
42.2999992371 23.8666992188
-22.8999996185 -47.0833015442
42.5 27.4666996002
42.6833000183 23.3166999817
42.6833000183 23.3166999817
56.8518981934 60.6122016907
54.6197013855 39.7400016785
47.0055999756 28.8575000763
53.9000015259 27.5666999817
59.3333015442 18.0499992371
42.6166992188 25.3999996185
31.7800006866 35.2299995422
47.0055999756 28.8575000763
56.8619003296 35.8931007385
42.432800293 25.6418991089
43.2167015076 27.9167003632
56.8263015747 60.5387992859
42.6833000183 23.3166999817
42.6833000183 23.3166999817
43.2167015076 27.9167003632
42.6833000183 23.3166999817
58.5167007446 31.2833003998
42.2167015076 24.6333007812
43.2167015076 27.9167003632
42.5 27.4666996002
55.8843994141 -3.33979988098
28.6667003632 77.4332962036
42.5 27.4666996002
59.1333007812 37.9000015259
43.3499984741 27.2000007629
47.0055999756 28.8575000763
47.0055999756 28.8575000763
42.7000007629 23.3332996368
42.6166992188 25.3999996185
56.3269004822 44.0074996948
55.7522010803 37.6156005859
42.1500015259 24.75
56.1365013123 40.3965988159
59.5332984924 18.0832996368
44.4333000183 26.1000003815
42.6833000183 23.3166999817
42.6833000183 23.3166999817
28.6667003632 77.2166976929
42.6500015259 26.9832992554
46.0 25.0
43.2167015076 27.9167003632
47.0055999756 28.8575000763
28.4666996002 77.0333023071
42.6833000183 23.3166999817
13.8621997833 100.513397217
55.4500007629 65.3332977295
46.9243011475 25.3519001007
31.8155994415 34.7207984924
43.2099990845 23.5625
13.766699791 100.449996948
42.6833000183 23.3166999817
47.0055999756 28.8575000763
59.8944015503 30.2642002106
59.4832992554 18.2999992371
31.9641990662 34.8044013977
42.6833000183 23.3166999817
55.9000015259 -3.29999995232
47.0055999756 28.8575000763
51.4667015076 4.38329982758
13.7082996368 100.456199646
57.8333015442 28.3332996368
59.5 18.0499992371
47.0055999756 28.8575000763
55.75 37.6166000366
42.6833000183 23.3166999817
42.2167015076 24.6333007812
42.6833000183 23.3166999817
56.8263015747 60.5387992859
48.8600006104 2.34999990463
42.6833000183 23.3166999817
55.7522010803 37.6156005859
54.6197013855 39.7400016785
42.685798645 26.3292007446
55.75 37.6166000366
31.5 34.75
51.5141983032 -0.0930999964476
31.7800006866 35.2299995422
18.9750003815 72.8257980347
53.5303001404 49.3460998535
66.9779968262 32.0460014343
52.8881988525 85.4962005615
52.3499984741 14.5832996368
46.0 25.0
56.8574981689 60.6124992371
48.7193984985 44.5018005371
43.0367012024 44.6678009033
13.7539997101 100.501403809
55.0 73.4000015259
13.0832996368 80.2833023071
36.0985984802 120.371902466
55.8804016113 -4.30070018768
31.25 76.5
42.5 27.4666996002
60.6666984558 17.1667003632
-4.05000019073 39.6666984558
47.0055999756 28.8575000763
52.7317008972 41.4338989258
57.8333015442 28.3332996368
28.6667003632 77.2166976929
43.2167015076 27.9167003632
12.983300209 77.5832977295
42.5 27.4666996002
42.5 27.4666996002
55.9500007629 -3.20000004768
47.0055999756 28.8575000763
53.9000015259 27.5666999817
42.6833000183 23.3166999817
55.7522010803 37.6156005859
55.75 37.6166000366
47.0055999756 28.8575000763
43.2099990845 23.5625
56.6133003235 84.8328018188
42.5 27.4666996002
44.4333000183 26.1000003815
32.8156013489 34.989200592
55.3333015442 86.0832977295
43.2167015076 27.9167003632
42.5 27.4666996002
56.8833007812 14.8166999817
43.2167015076 27.9167003632
55.75 37.6166000366
42.6833000183 23.3166999817
51.2221984863 38.5488014221
28.5699996948 77.3199996948
13.7539997101 100.501403809
59.4832992554 18.2999992371
55.9040985107 37.5606002808
53.2006988525 45.0046005249
42.685798645 26.3292007446
43.2167015076 27.9167003632
46.8380012512 -71.223197937
36.6683006287 116.997200012
35.4761009216 -81.2539978027
46.8011016846 -92.0989990234
36.6166992188 101.766700745
50.9818992615 -114.100402832
32.0616989136 118.777801514
37.5699996948 126.980003357
36.0564002991 103.792198181
-33.9166984558 151.166702271
37.7268981934 112.470802307
33.3322982788 -87.4740982056
28.1791992188 113.113601685
39.7041015625 -104.933898926
39.8269996643 -84.018699646
33.9230995178 -118.139602661
35.8180999756 -78.5635986328
50.0816001892 -110.578796387
43.4883003235 -72.4565963745
38.7011985779 -90.3669967651
36.6683006287 116.997200012
43.2000999451 -79.5662994385
34.0091018677 -84.0087966919
35.6899986267 139.690002441
36.6683006287 116.997200012
45.5774002075 -122.620796204
30.4719009399 -90.4817962646
37.7322006226 115.70110321
23.1166992188 113.25
31.8747997284 -106.451698303
36.0564002991 103.792198181
35.0 105.0
33.7061004639 -86.8237991333
49.4999008179 -115.768798828
49.9000015259 2.29999995232
53.5462989807 -113.595703125
25.0391998291 121.525001526
22.5333003998 114.133300781
43.8009986877 87.6005020142
22.5333003998 114.133300781
29.3416004181 104.776901245
22.8166999817 108.316703796
45.7661018372 -108.578903198
51.9166984558 4.5
41.689201355 -81.3265991211
50.0816001892 -110.578796387
42.3392982483 -122.798698425
37.4589996338 -122.178100586
30.6667003632 104.066703796
43.3251991272 -88.2656021118
39.5295982361 -119.813796997
28.4603996277 119.910301208
50.0816001892 -110.578796387
34.1222991943 -117.714302063
30.2936000824 120.161399841
34.6836013794 113.532501221
-21.1667003632 -47.7999992371
22.2000007629 113.550003052
23.0268001556 113.131500244
-0.216700002551 -78.5
53.5279998779 -113.251197815
36.6683006287 116.997200012
37.5984992981 126.978302002
23.1166992188 113.25
35.6501998901 -83.9782028198
36.0564002991 103.792198181
49.2620010376 -123.092300415
34.0237007141 -89.3679962158
42.1954994202 -71.8462982178
35.3903007507 119.545799255
28.959400177 118.868598938
22.2833003998 114.150001526
34.1647987366 -118.400802612
31.4592990875 104.754203796
37.5332984924 121.400001526
36.6683006287 116.997200012
50.4767990112 -104.698600769
33.7877006531 -117.973800659
45.75 126.650001526
45.75 126.650001526
34.0615997314 -118.081802368
31.863899231 117.280799866
30.6667003632 104.066703796
39.8897018433 115.275001526
43.0281982422 -88.2948989868
33.7933998108 -118.121200562
35.4197998047 -80.6747970581
31.863899231 117.280799866
48.7193984985 44.5018005371
43.8009986877 87.6005020142
31.3041000366 120.595397949
36.0564002991 103.792198181
32.8594017029 -117.207298279
38.8022003174 -90.6269989014
39.14220047 117.176696777
43.1692008972 -80.2684020996
35.1027984619 129.040298462
47.0055999756 28.8575000763
37.6366996765 127.214202881
43.8852005005 -78.8770980835
51.9166984558 4.5
23.1166992188 113.25
20.7019996643 -156.258102417
29.1068000793 119.644203186
50.8837013245 -114.032600403
36.6683006287 116.997200012
37.5984992981 126.978302002
20.6989002228 -156.442993164
43.2210998535 -79.7994003296
36.0564002991 103.792198181
26.5832996368 106.716697693
33.4794998169 -82.0166015625
36.6683006287 116.997200012
-33.9048995972 151.020004272
23.1166992188 113.25
33.7140007019 -117.870002747
8.99359989166 -79.5196990967
41.6398010254 -88.1060028076
33.7056007385 -116.408302307
36.6683006287 116.997200012
30.5800991058 114.273399353
39.8897018433 115.275001526
45.75 126.650001526
36.6683006287 116.997200012
24.4797992706 118.08190155
42.4866981506 -75.0397033691
40.0999984741 121.983299255
46.3851013184 -94.8081970215
-27.4710006714 153.024307251
22.8166999817 108.316703796
41.7921981812 123.432800293
35.0 105.0
32.3504981995 -86.2565994263
34.6836013794 113.532501221
36.0564002991 103.792198181
49.3162994385 -124.319396973
23.1166992188 113.25
33.9297981262 -117.364700317
33.876701355 -84.3340988159
44.6343994141 -63.5821990967
35.0 105.0
36.6683006287 116.997200012
41.7921981812 123.432800293
50.4855003357 -104.61630249
51.4667015076 -109.133300781
22.5333003998 114.133300781
37.4385986328 127.137802124
25.0391998291 121.525001526
35.2430992126 115.441101074
34.0280990601 -117.932800293
-23.4733009338 -46.6657981873
40.6422996521 -80.1797027588
34.2583007812 108.928596497
32.9729003906 119.511100769
43.754699707 -79.3764038086
35.0 105.0
1.46549999714 103.757797241
32.0616989136 118.777801514
30.6667003632 104.066703796
43.1945991516 -89.2024993896
29.5627994537 106.55280304
36.6683006287 116.997200012
52.1133003235 -106.723503113
37.5699996948 126.980003357
40.1767997742 -83.0792007446
40.8996009827 -81.4395980835
42.6929016113 -87.8042984009
29.1068000793 119.644203186
30.2936000824 120.161399841
44.746799469 -93.2021026611
48.8600006104 2.34999990463
41.345199585 -72.1088027954
40.0406990051 -86.9002990723
23.1166992188 113.25
42.7033996582 -113.627998352
35.7387008667 -82.0548019409
42.2652015686 -83.0314025879
32.0616989136 118.777801514
42.9998016357 -82.3926010132
23.1166992188 113.25
-23.4733009338 -46.6657981873
37.5699996948 126.980003357
36.0564002991 103.792198181
28.1791992188 113.113601685
32.7976989746 -117.23349762
50.4506988525 -104.665000916
39.9117012024 32.8403015137
41.7921981812 123.432800293
-33.8602981567 151.201599121
61.1119995117 -149.904403687
20.8451004028 -156.308700562
-36.8333015442 -73.0500030518
36.6355018616 -88.2829971313
31.2000007629 108.416702271
49.1699981689 -123.136802673
36.9250984192 -93.9197006226
25.0391998291 121.525001526
25.0391998291 121.525001526
39.8897018433 115.275001526
36.0564002991 103.792198181
